E = [ -1 -1 -1 0 0 0; 1 0 0 -1 -1 0; 0 1 0 1 0 -1; 0 0 1 0 1 1];
b = [-10; 0; 0; 10];
u = [10; 10; 10; 10; 10; 10];
q = [4; 4; 4; 10; 2; 2];
Q = [199; 100; 113; 105; 135; 145];
